position: 
  x: 16.5909542099
  y: 16.0882839772
  z: 0.0
orientation: 
  x: 0.0
  y: 0.0
  z: -0.0988098019534
  w: 0.975884446594
